Visa
4864061371779710
4305968181481492
MC
5381577665613308
512061202029773
Discover
6011614062763604
6011871047141393
AmEx
371539123111286
348370081210922
JCB
3539910901879944
3589033542550607



карты 13 значные
visa
4892210678740 
4001849590579
4641708180739
4607955727373

карты 14 значные
Visa
4185 2820 5909 46 
4314 8523 3232 73
4200 7533 7613 88
4672 6441 3363 81

карты 15 значные
Visa
4342 3499 4138 213
4409 1705 3561 661
4696 2788 8640 228
4596 8294 7710 738

карты 16 значные
MasterCard
5314 5012 4358 9493
5314 5049 7850 6757
5314 5062 1960 7773
5314 5070 1991 5689

карты 17 значные
Visa
4514 3701 3545 9575 9
4502 8444 6185 5544 8
4879 4614 5821 6902 2
4662 5709 8688 2391 9

карты 18 значные
Visa
4082 4242 5544 2032 94
4939 1360 4663 7754 29
4679 8534 8044 2382 62
4065 8710 6653 3296 02

карты 19 значные
Visa 
4008 0750 4563 6463 790
4710 1845 6534 4384 466
4289 5428 6108 9678 481
4269 5992 7199 2316 142